2022-05-12 18:23:50.576357: I Start experiment
2022-05-12 18:23:50.641802: I /home/salvatorebufi/PycharmProjects/ECGFV2/data/amazon_men/trainingset.tsv - Loaded
2022-05-12 18:23:50.744719: I Test Fold 0 - Validation Fold 0
2022-05-12 18:24:01.155627: I Start experiment
2022-05-12 18:24:01.205681: I /home/salvatorebufi/PycharmProjects/ECGFV2/data/amazon_men/trainingset.tsv - Loaded
2022-05-12 18:24:01.292690: I Test Fold 0 - Validation Fold 0
2022-05-12 18:24:06.220130: I Statistics	Users:	3218	Items:	7605	Transactions:	54311	Sparsity:	0.9977807688425846
2022-05-12 18:24:11.587551: I Tuning begun for EGCF

2022-05-12 18:24:11.603143: I Hyperparameter tuning exploration:
2022-05-12 18:24:11.603339: I Exploration for l_w. Value extracted: 0.0
2022-05-12 18:24:11.606116: I Exploration for lr. Value extracted: 0.0007155270067836332
2022-05-12 18:24:11.606281: I Exploration for n_layers. Value extracted: 2.0
2022-05-12 18:24:11.607097: I Exploration: Hyperparameter exploration number 1
2022-05-12 18:24:11.607437: I Exploration: Test Fold exploration number 1
2022-05-12 18:24:11.607790: I Exploration: Train-Validation Fold exploration number 1
2022-05-12 18:26:43.810854: I Start experiment
2022-05-12 18:26:43.859371: I /home/salvatorebufi/PycharmProjects/ECGFV2/data/amazon_men/trainingset.tsv - Loaded
2022-05-12 18:26:43.948391: I Test Fold 0 - Validation Fold 0
2022-05-12 18:26:48.813425: I Statistics	Users:	3218	Items:	7605	Transactions:	54311	Sparsity:	0.9977807688425846
2022-05-12 18:26:52.987492: I Tuning begun for EGCFv2

2022-05-12 18:26:52.996639: I Hyperparameter tuning exploration:
2022-05-12 18:26:52.996821: I Exploration for l_w. Value extracted: 0.0
2022-05-12 18:26:52.996948: I Exploration for lr. Value extracted: 0.0007155270067836332
2022-05-12 18:26:52.997086: I Exploration for n_layers. Value extracted: 2.0
2022-05-12 18:26:53.000981: I Exploration: Hyperparameter exploration number 1
2022-05-12 18:26:53.001368: I Exploration: Test Fold exploration number 1
2022-05-12 18:26:53.001513: I Exploration: Train-Validation Fold exploration number 1
2022-05-13 17:31:48.487197: I Start experiment
2022-05-13 17:31:48.548706: I /home/salvatorebufi/PycharmProjects/ECGFV2/data/amazon_men/trainingset.tsv - Loaded
2022-05-13 17:31:48.636328: I Test Fold 0 - Validation Fold 0
2022-05-13 17:31:53.725658: I Statistics	Users:	3218	Items:	7605	Transactions:	54311	Sparsity:	0.9977807688425846
2022-05-13 17:31:59.471288: I Tuning begun for EGCFv2

2022-05-13 17:31:59.485293: I Hyperparameter tuning exploration:
2022-05-13 17:31:59.485506: I Exploration for l_w. Value extracted: 0.0
2022-05-13 17:31:59.489206: I Exploration for lr. Value extracted: 0.0007155270067836332
2022-05-13 17:31:59.489866: I Exploration for n_layers. Value extracted: 2.0
2022-05-13 17:31:59.489992: I Exploration: Hyperparameter exploration number 1
2022-05-13 17:31:59.490259: I Exploration: Test Fold exploration number 1
2022-05-13 17:31:59.490369: I Exploration: Train-Validation Fold exploration number 1
2022-05-14 10:42:46.776619: I Start experiment
2022-05-14 10:42:46.813629: I /home/salvatorebufi/PycharmProjects/ECGFV2/data/amazon_men/trainingset.tsv - Loaded
2022-05-14 10:42:46.876459: I Test Fold 0 - Validation Fold 0
2022-05-14 10:42:47.777686: I Statistics	Users:	3218	Items:	7605	Transactions:	54311	Sparsity:	0.9977807688425846
2022-05-14 10:42:49.839524: I Tuning begun for EGCFv2

2022-05-14 10:42:49.841149: I Hyperparameter tuning exploration:
2022-05-14 10:42:49.841181: I Exploration for l_w. Value extracted: 0.0
2022-05-14 10:42:49.841206: I Exploration for lr. Value extracted: 0.0007155270067836332
2022-05-14 10:42:49.841227: I Exploration for n_layers. Value extracted: 2.0
2022-05-14 10:42:49.841299: I Exploration: Hyperparameter exploration number 1
2022-05-14 10:42:49.841364: I Exploration: Test Fold exploration number 1
2022-05-14 10:42:49.841457: I Exploration: Train-Validation Fold exploration number 1
2022-05-14 11:34:34.853044: I 
2022-05-14 11:34:34.858303: I Validation Evaluation results
2022-05-14 11:34:34.868681: I Cut-off: 10
2022-05-14 11:34:34.879349: I Eval Time: 0.29927968978881836
2022-05-14 11:34:34.892197: I Results
2022-05-14 11:34:34.897481: I Recall	0.27255
2022-05-14 11:34:34.897542: I HR	0.27255
2022-05-14 11:34:34.897578: I nDCG	0.21202
2022-05-14 11:34:34.897614: I Precision	0.02725
2022-05-14 11:34:34.897647: I F1	0.04955
2022-05-14 11:34:34.902871: I MAP	0.06091
2022-05-14 11:34:34.913154: I MAR	0.24001
2022-05-14 11:34:34.926321: I LAUC	0.2725
2022-05-14 11:34:34.937254: I ItemCoverage	1494
2022-05-14 11:34:34.950606: I nDCGRendle2020	0.21202
2022-05-14 11:34:34.960880: I Gini	0.02858
2022-05-14 11:34:34.971144: I SEntropy	7.94515
2022-05-14 11:34:34.981451: I EFD	0.36983
2022-05-14 11:34:34.994862: I EPC	0.04251
2022-05-14 11:34:35.203891: I 
2022-05-14 11:34:35.217799: I Test Evaluation results
2022-05-14 11:34:35.229957: I Cut-off: 10
2022-05-14 11:34:35.240250: I Eval Time: 0.4309725761413574
2022-05-14 11:34:35.250582: I Results
2022-05-14 11:34:35.260872: I Recall	0.18744
2022-05-14 11:34:35.274496: I HR	0.18744
2022-05-14 11:34:35.284776: I nDCG	0.14092
2022-05-14 11:34:35.297040: I Precision	0.01874
2022-05-14 11:34:35.308600: I F1	0.03408
2022-05-14 11:34:35.318971: I MAP	0.04067
2022-05-14 11:34:35.329252: I MAR	0.16444
2022-05-14 11:34:35.339528: I LAUC	0.18741
2022-05-14 11:34:35.349798: I ItemCoverage	1483
2022-05-14 11:34:35.360093: I nDCGRendle2020	0.14092
2022-05-14 11:34:35.370370: I Gini	0.02867
2022-05-14 11:34:35.380643: I SEntropy	7.94764
2022-05-14 11:34:35.392043: I EFD	0.23929
2022-05-14 11:34:35.402298: I EPC	0.02799
2022-05-14 11:34:35.727291: I 
2022-05-14 11:34:35.741186: I Validation Evaluation results
2022-05-14 11:34:35.753263: I Cut-off: 20
2022-05-14 11:34:35.763549: I Eval Time: 0.5221879482269287
2022-05-14 11:34:35.773830: I Results
2022-05-14 11:34:35.784111: I Recall	0.30195
2022-05-14 11:34:35.797289: I HR	0.30195
2022-05-14 11:34:35.807590: I nDCG	0.21941
2022-05-14 11:34:35.820282: I Precision	0.0151
2022-05-14 11:34:35.832601: I F1	0.02876
2022-05-14 11:34:35.842874: I MAP	0.04008
2022-05-14 11:34:35.853155: I MAR	0.26473
2022-05-14 11:34:35.863444: I LAUC	0.30185
2022-05-14 11:34:35.873715: I ItemCoverage	2635
2022-05-14 11:34:35.883954: I nDCGRendle2020	0.21941
2022-05-14 11:34:35.894233: I Gini	0.047
2022-05-14 11:34:35.904511: I SEntropy	8.61602
2022-05-14 11:34:35.917712: I EFD	0.24986
2022-05-14 11:34:35.927988: I EPC	0.02846
2022-05-14 11:34:36.273474: I 
2022-05-14 11:34:36.283800: I Test Evaluation results
2022-05-14 11:34:36.294064: I Cut-off: 20
2022-05-14 11:34:36.307382: I Eval Time: 0.5449373722076416
2022-05-14 11:34:36.320419: I Results
2022-05-14 11:34:36.330684: I Recall	0.20871
2022-05-14 11:34:36.340997: I HR	0.20871
2022-05-14 11:34:36.351297: I nDCG	0.14622
2022-05-14 11:34:36.361544: I Precision	0.01044
2022-05-14 11:34:36.371838: I F1	0.01988
2022-05-14 11:34:36.382057: I MAP	0.02695
2022-05-14 11:34:36.392337: I MAR	0.18166
2022-05-14 11:34:36.402696: I LAUC	0.20864
2022-05-14 11:34:36.413104: I ItemCoverage	2620
2022-05-14 11:34:36.423510: I nDCGRendle2020	0.14622
2022-05-14 11:34:36.433939: I Gini	0.04686
2022-05-14 11:34:36.446849: I SEntropy	8.60946
2022-05-14 11:34:36.457227: I EFD	0.16236
2022-05-14 11:34:36.467604: I EPC	0.0188
2022-05-14 11:34:37.649854: I 
2022-05-14 11:34:37.655034: I Validation Evaluation results
2022-05-14 11:34:37.655069: I Cut-off: 50
2022-05-14 11:34:37.655095: I Eval Time: 1.380260944366455
2022-05-14 11:34:37.655118: I Results
2022-05-14 11:34:37.655140: I Recall	0.34886
2022-05-14 11:34:37.660293: I HR	0.34886
2022-05-14 11:34:37.660329: I nDCG	0.22869
2022-05-14 11:34:37.665541: I Precision	0.00698
2022-05-14 11:34:37.670738: I F1	0.01368
2022-05-14 11:34:37.670774: I MAP	0.0219
2022-05-14 11:34:37.681037: I MAR	0.30311
2022-05-14 11:34:37.693833: I LAUC	0.34856
2022-05-14 11:34:37.705708: I ItemCoverage	4806
2022-05-14 11:34:37.716002: I nDCGRendle2020	0.22869
2022-05-14 11:34:37.726286: I Gini	0.08749
2022-05-14 11:34:37.736563: I SEntropy	9.54952
2022-05-14 11:34:37.746838: I EFD	0.14424
2022-05-14 11:34:37.757119: I EPC	0.01625
2022-05-14 11:34:38.959949: I 
2022-05-14 11:34:38.959994: I Test Evaluation results
2022-05-14 11:34:38.960025: I Cut-off: 50
2022-05-14 11:34:38.960050: I Eval Time: 1.3127593994140625
2022-05-14 11:34:38.960074: I Results
2022-05-14 11:34:38.960099: I Recall	0.24688
2022-05-14 11:34:38.960122: I HR	0.24688
2022-05-14 11:34:38.960146: I nDCG	0.15369
2022-05-14 11:34:38.960173: I Precision	0.00494
2022-05-14 11:34:38.979440: I F1	0.00968
2022-05-14 11:34:38.979587: I MAP	0.01485
2022-05-14 11:34:38.979631: I MAR	0.20977
2022-05-14 11:34:38.979668: I LAUC	0.24663
2022-05-14 11:34:38.979703: I ItemCoverage	4768
2022-05-14 11:34:38.979739: I nDCGRendle2020	0.15369
2022-05-14 11:34:38.979776: I Gini	0.08691
2022-05-14 11:34:38.979810: I SEntropy	9.54031
2022-05-14 11:34:38.979845: I EFD	0.095
2022-05-14 11:34:38.979880: I EPC	0.01083
2022-05-14 12:01:41.588787: I Start experiment
2022-05-14 12:01:41.615267: I /home/salvatorebufi/PycharmProjects/ECGFV2/data/amazon_men/trainingset.tsv - Loaded
2022-05-14 12:01:41.673991: I Test Fold 0 - Validation Fold 0
2022-05-14 12:01:42.803571: I Statistics	Users:	3218	Items:	7605	Transactions:	54311	Sparsity:	0.9977807688425846
2022-05-14 12:01:44.872943: I Tuning begun for EGCFv2

2022-05-14 12:01:44.877560: I Hyperparameter tuning exploration:
2022-05-14 12:01:44.877609: I Exploration for l_w. Value extracted: 0.0
2022-05-14 12:01:44.877644: I Exploration for lr. Value extracted: 0.0007155270067836332
2022-05-14 12:01:44.877674: I Exploration for n_layers. Value extracted: 2.0
2022-05-14 12:01:44.877705: I Exploration: Hyperparameter exploration number 1
2022-05-14 12:01:44.877734: I Exploration: Test Fold exploration number 1
2022-05-14 12:01:44.877766: I Exploration: Train-Validation Fold exploration number 1
2022-05-14 12:06:50.460831: I Start experiment
2022-05-14 12:06:50.486857: I /home/salvatorebufi/PycharmProjects/ECGFV2/data/amazon_men/trainingset.tsv - Loaded
2022-05-14 12:06:50.547901: I Test Fold 0 - Validation Fold 0
2022-05-14 12:06:51.577040: I Statistics	Users:	3218	Items:	7605	Transactions:	54311	Sparsity:	0.9977807688425846
2022-05-14 12:06:53.614545: I Tuning begun for EGCFv2

2022-05-14 12:06:53.614616: I Hyperparameter tuning exploration:
2022-05-14 12:06:53.614654: I Exploration for l_w. Value extracted: 0.0
2022-05-14 12:06:53.614688: I Exploration for lr. Value extracted: 0.0007155270067836332
2022-05-14 12:06:53.614719: I Exploration for n_layers. Value extracted: 2.0
2022-05-14 12:06:53.614751: I Exploration: Hyperparameter exploration number 1
2022-05-14 12:06:53.614780: I Exploration: Test Fold exploration number 1
2022-05-14 12:06:53.614814: I Exploration: Train-Validation Fold exploration number 1
2022-05-14 12:14:53.949586: I Start experiment
2022-05-14 12:14:53.975931: I /home/salvatorebufi/PycharmProjects/ECGFV2/data/amazon_men/trainingset.tsv - Loaded
2022-05-14 12:14:54.028184: I Test Fold 0 - Validation Fold 0
2022-05-14 12:14:54.971875: I Statistics	Users:	3218	Items:	7605	Transactions:	54311	Sparsity:	0.9977807688425846
2022-05-14 12:14:56.821524: I Tuning begun for EGCFv2

2022-05-14 12:14:56.826196: I Hyperparameter tuning exploration:
2022-05-14 12:14:56.826244: I Exploration for l_w. Value extracted: 0.0
2022-05-14 12:14:56.826373: I Exploration for lr. Value extracted: 0.0007155270067836332
2022-05-14 12:14:56.826552: I Exploration for n_layers. Value extracted: 2.0
2022-05-14 12:14:56.826608: I Exploration: Hyperparameter exploration number 1
2022-05-14 12:14:56.826640: I Exploration: Test Fold exploration number 1
2022-05-14 12:14:56.826670: I Exploration: Train-Validation Fold exploration number 1
2022-05-14 12:15:26.519815: I Start experiment
2022-05-14 12:15:26.548505: I /home/salvatorebufi/PycharmProjects/ECGFV2/data/amazon_men/trainingset.tsv - Loaded
2022-05-14 12:15:26.610787: I Test Fold 0 - Validation Fold 0
2022-05-14 12:15:27.541451: I Statistics	Users:	3218	Items:	7605	Transactions:	54311	Sparsity:	0.9977807688425846
2022-05-14 12:15:29.524432: I Tuning begun for EGCFv2

2022-05-14 12:15:29.528751: I Hyperparameter tuning exploration:
2022-05-14 12:15:29.528808: I Exploration for l_w. Value extracted: 0.0
2022-05-14 12:15:29.528843: I Exploration for lr. Value extracted: 0.0007155270067836332
2022-05-14 12:15:29.528995: I Exploration for n_layers. Value extracted: 2.0
2022-05-14 12:15:29.529029: I Exploration: Hyperparameter exploration number 1
2022-05-14 12:15:29.529160: I Exploration: Test Fold exploration number 1
2022-05-14 12:15:29.529191: I Exploration: Train-Validation Fold exploration number 1
2022-05-14 12:16:11.706108: I Start experiment
2022-05-14 12:16:11.742658: I /home/salvatorebufi/PycharmProjects/ECGFV2/data/amazon_men/trainingset.tsv - Loaded
2022-05-14 12:16:11.820352: I Test Fold 0 - Validation Fold 0
2022-05-14 12:16:17.012479: I Statistics	Users:	3218	Items:	7605	Transactions:	54311	Sparsity:	0.9977807688425846
2022-05-14 12:16:21.388340: I Tuning begun for EGCFv2

2022-05-14 12:16:21.400201: I Hyperparameter tuning exploration:
2022-05-14 12:16:21.401562: I Exploration for l_w. Value extracted: 0.0
2022-05-14 12:16:21.401672: I Exploration for lr. Value extracted: 0.0007155270067836332
2022-05-14 12:16:21.401824: I Exploration for n_layers. Value extracted: 2.0
2022-05-14 12:16:21.402111: I Exploration: Hyperparameter exploration number 1
2022-05-14 12:16:21.402366: I Exploration: Test Fold exploration number 1
2022-05-14 12:16:21.402765: I Exploration: Train-Validation Fold exploration number 1
2022-05-14 12:18:42.844533: I Start experiment
2022-05-14 12:18:42.870123: I /home/salvatorebufi/PycharmProjects/ECGFV2/data/amazon_men/trainingset.tsv - Loaded
2022-05-14 12:18:42.927026: I Test Fold 0 - Validation Fold 0
2022-05-14 12:18:43.870324: I Statistics	Users:	3218	Items:	7605	Transactions:	54311	Sparsity:	0.9977807688425846
2022-05-14 12:18:45.759382: I Tuning begun for EGCFv2

2022-05-14 12:18:45.763757: I Hyperparameter tuning exploration:
2022-05-14 12:18:45.763805: I Exploration for l_w. Value extracted: 0.0
2022-05-14 12:18:45.763840: I Exploration for lr. Value extracted: 0.0007155270067836332
2022-05-14 12:18:45.763871: I Exploration for n_layers. Value extracted: 2.0
2022-05-14 12:18:45.763903: I Exploration: Hyperparameter exploration number 1
2022-05-14 12:18:45.763932: I Exploration: Test Fold exploration number 1
2022-05-14 12:18:45.763963: I Exploration: Train-Validation Fold exploration number 1
2022-05-14 12:19:33.307363: I Start experiment
2022-05-14 12:19:33.332530: I /home/salvatorebufi/PycharmProjects/ECGFV2/data/amazon_men/trainingset.tsv - Loaded
2022-05-14 12:19:33.384873: I Test Fold 0 - Validation Fold 0
2022-05-14 12:19:34.308276: I Statistics	Users:	3218	Items:	7605	Transactions:	54311	Sparsity:	0.9977807688425846
2022-05-14 12:19:36.217208: I Tuning begun for EGCFv2

2022-05-14 12:19:36.217283: I Hyperparameter tuning exploration:
2022-05-14 12:19:36.220109: I Exploration for l_w. Value extracted: 0.0
2022-05-14 12:19:36.220184: I Exploration for lr. Value extracted: 0.0007155270067836332
2022-05-14 12:19:36.220214: I Exploration for n_layers. Value extracted: 2.0
2022-05-14 12:19:36.220240: I Exploration: Hyperparameter exploration number 1
2022-05-14 12:19:36.220296: I Exploration: Test Fold exploration number 1
2022-05-14 12:19:36.220338: I Exploration: Train-Validation Fold exploration number 1
2022-05-14 12:20:48.343227: I Start experiment
2022-05-14 12:20:48.369744: I /home/salvatorebufi/PycharmProjects/ECGFV2/data/amazon_men/trainingset.tsv - Loaded
2022-05-14 12:20:48.436275: I Test Fold 0 - Validation Fold 0
2022-05-14 12:20:49.374443: I Statistics	Users:	3218	Items:	7605	Transactions:	54311	Sparsity:	0.9977807688425846
2022-05-14 12:20:51.262682: I Tuning begun for EGCFv2

2022-05-14 12:20:51.267316: I Hyperparameter tuning exploration:
2022-05-14 12:20:51.267365: I Exploration for l_w. Value extracted: 0.0
2022-05-14 12:20:51.267402: I Exploration for lr. Value extracted: 0.0007155270067836332
2022-05-14 12:20:51.267435: I Exploration for n_layers. Value extracted: 2.0
2022-05-14 12:20:51.267468: I Exploration: Hyperparameter exploration number 1
2022-05-14 12:20:51.267498: I Exploration: Test Fold exploration number 1
2022-05-14 12:20:51.267703: I Exploration: Train-Validation Fold exploration number 1
2022-05-14 12:23:40.724027: I Start experiment
2022-05-14 12:23:40.750168: I /home/salvatorebufi/PycharmProjects/ECGFV2/data/amazon_men/trainingset.tsv - Loaded
2022-05-14 12:23:40.805442: I Test Fold 0 - Validation Fold 0
2022-05-14 12:23:41.807610: I Statistics	Users:	3218	Items:	7605	Transactions:	54311	Sparsity:	0.9977807688425846
2022-05-14 12:23:43.719270: I Tuning begun for EGCFv2

2022-05-14 12:23:43.729654: I Hyperparameter tuning exploration:
2022-05-14 12:23:43.729953: I Exploration for l_w. Value extracted: 0.0
2022-05-14 12:23:43.730072: I Exploration for lr. Value extracted: 0.0007155270067836332
2022-05-14 12:23:43.730104: I Exploration for n_layers. Value extracted: 2.0
2022-05-14 12:23:43.730142: I Exploration: Hyperparameter exploration number 1
2022-05-14 12:23:43.730172: I Exploration: Test Fold exploration number 1
2022-05-14 12:23:43.730200: I Exploration: Train-Validation Fold exploration number 1
2022-05-14 13:31:34.713820: I 
2022-05-14 13:31:34.713948: I Validation Evaluation results
2022-05-14 13:31:34.713983: I Cut-off: 10
2022-05-14 13:31:34.719150: I Eval Time: 0.3944728374481201
2022-05-14 13:31:34.719237: I Results
2022-05-14 13:31:34.738002: I Recall	0.27056
2022-05-14 13:31:34.748273: I HR	0.27056
2022-05-14 13:31:34.760556: I nDCG	0.21027
2022-05-14 13:31:34.777397: I Precision	0.02706
2022-05-14 13:31:34.787694: I F1	0.04919
2022-05-14 13:31:34.797956: I MAP	0.06017
2022-05-14 13:31:34.808184: I MAR	0.23624
2022-05-14 13:31:34.821791: I LAUC	0.27052
2022-05-14 13:31:34.832059: I ItemCoverage	1401
2022-05-14 13:31:34.842324: I nDCGRendle2020	0.21027
2022-05-14 13:31:34.852573: I Gini	0.02605
2022-05-14 13:31:34.866360: I SEntropy	7.82066
2022-05-14 13:31:34.878711: I EFD	0.3658
2022-05-14 13:31:34.888981: I EPC	0.04212
2022-05-14 13:31:35.018584: I 
2022-05-14 13:31:35.028932: I Test Evaluation results
2022-05-14 13:31:35.042800: I Cut-off: 10
2022-05-14 13:31:35.053137: I Eval Time: 0.29856014251708984
2022-05-14 13:31:35.053213: I Results
2022-05-14 13:31:35.053239: I Recall	0.18575
2022-05-14 13:31:35.063504: I HR	0.18575
2022-05-14 13:31:35.073784: I nDCG	0.13938
2022-05-14 13:31:35.084076: I Precision	0.01857
2022-05-14 13:31:35.097485: I F1	0.03377
2022-05-14 13:31:35.110054: I MAP	0.04022
2022-05-14 13:31:35.121664: I MAR	0.16278
2022-05-14 13:31:35.131940: I LAUC	0.18572
2022-05-14 13:31:35.142224: I ItemCoverage	1401
2022-05-14 13:31:35.152492: I nDCGRendle2020	0.13938
2022-05-14 13:31:35.162745: I Gini	0.02615
2022-05-14 13:31:35.173007: I SEntropy	7.82119
2022-05-14 13:31:35.183271: I EFD	0.23668
2022-05-14 13:31:35.193471: I EPC	0.02768
2022-05-14 13:31:35.526651: I 
2022-05-14 13:31:35.539912: I Validation Evaluation results
2022-05-14 13:31:35.552760: I Cut-off: 20
2022-05-14 13:31:35.563034: I Eval Time: 0.5067028999328613
2022-05-14 13:31:35.573321: I Results
2022-05-14 13:31:35.583660: I Recall	0.29732
2022-05-14 13:31:35.595305: I HR	0.29732
2022-05-14 13:31:35.605559: I nDCG	0.21701
2022-05-14 13:31:35.617909: I Precision	0.01487
2022-05-14 13:31:35.629567: I F1	0.02832
2022-05-14 13:31:35.639870: I MAP	0.03961
2022-05-14 13:31:35.650146: I MAR	0.26135
2022-05-14 13:31:35.660437: I LAUC	0.29723
2022-05-14 13:31:35.670685: I ItemCoverage	2482
2022-05-14 13:31:35.680969: I nDCGRendle2020	0.21701
2022-05-14 13:31:35.691248: I Gini	0.04264
2022-05-14 13:31:35.701474: I SEntropy	8.47846
2022-05-14 13:31:35.712994: I EFD	0.24609
2022-05-14 13:31:35.723283: I EPC	0.02812
2022-05-14 13:31:36.029888: I 
2022-05-14 13:31:36.040184: I Test Evaluation results
2022-05-14 13:31:36.050443: I Cut-off: 20
2022-05-14 13:31:36.062355: I Eval Time: 0.502011775970459
2022-05-14 13:31:36.074131: I Results
2022-05-14 13:31:36.084400: I Recall	0.20669
2022-05-14 13:31:36.094629: I HR	0.20669
2022-05-14 13:31:36.104901: I nDCG	0.14458
2022-05-14 13:31:36.115186: I Precision	0.01033
2022-05-14 13:31:36.125469: I F1	0.01968
2022-05-14 13:31:36.135765: I MAP	0.02666
2022-05-14 13:31:36.146037: I MAR	0.1798
2022-05-14 13:31:36.156338: I LAUC	0.20662
2022-05-14 13:31:36.166636: I ItemCoverage	2457
2022-05-14 13:31:36.180420: I nDCGRendle2020	0.14458
2022-05-14 13:31:36.190668: I Gini	0.04235
2022-05-14 13:31:36.200966: I SEntropy	8.46807
2022-05-14 13:31:36.211241: I EFD	0.16053
2022-05-14 13:31:36.223968: I EPC	0.01859
2022-05-14 13:31:37.314392: I 
2022-05-14 13:31:37.314505: I Validation Evaluation results
2022-05-14 13:31:37.314547: I Cut-off: 50
2022-05-14 13:31:37.314591: I Eval Time: 1.2883937358856201
2022-05-14 13:31:37.314614: I Results
2022-05-14 13:31:37.314649: I Recall	0.3449
2022-05-14 13:31:37.319837: I HR	0.3449
2022-05-14 13:31:37.330104: I nDCG	0.22642
2022-05-14 13:31:37.340375: I Precision	0.0069
2022-05-14 13:31:37.351892: I F1	0.01353
2022-05-14 13:31:37.363145: I MAP	0.02163
2022-05-14 13:31:37.373381: I MAR	0.29915
2022-05-14 13:31:37.383693: I LAUC	0.34459
2022-05-14 13:31:37.393981: I ItemCoverage	4667
2022-05-14 13:31:37.404249: I nDCGRendle2020	0.22642
2022-05-14 13:31:37.414560: I Gini	0.08159
2022-05-14 13:31:37.424826: I SEntropy	9.43322
2022-05-14 13:31:37.435093: I EFD	0.14225
2022-05-14 13:31:37.445361: I EPC	0.01607
2022-05-14 13:31:38.556555: I 
2022-05-14 13:31:38.560820: I Test Evaluation results
2022-05-14 13:31:38.560954: I Cut-off: 50
2022-05-14 13:31:38.561047: I Eval Time: 1.232287883758545
2022-05-14 13:31:38.561188: I Results
2022-05-14 13:31:38.561306: I Recall	0.2435
2022-05-14 13:31:38.561364: I HR	0.2435
2022-05-14 13:31:38.561419: I nDCG	0.15185
2022-05-14 13:31:38.561537: I Precision	0.00487
2022-05-14 13:31:38.561680: I F1	0.00955
2022-05-14 13:31:38.561812: I MAP	0.01471
2022-05-14 13:31:38.561950: I MAR	0.20829
2022-05-14 13:31:38.562052: I LAUC	0.24327
2022-05-14 13:31:38.562142: I ItemCoverage	4623
2022-05-14 13:31:38.562227: I nDCGRendle2020	0.15185
2022-05-14 13:31:38.562318: I Gini	0.08089
2022-05-14 13:31:38.562427: I SEntropy	9.42192
2022-05-14 13:31:38.562503: I EFD	0.09382
2022-05-14 13:31:38.562578: I EPC	0.0107
2022-05-14 13:58:07.268768: I Start experiment
2022-05-14 13:58:07.301209: I /home/salvatorebufi/PycharmProjects/ECGFV2/data/amazon_men/trainingset.tsv - Loaded
2022-05-14 13:58:07.363698: I Test Fold 0 - Validation Fold 0
2022-05-14 13:58:08.415843: I Statistics	Users:	3218	Items:	7605	Transactions:	54311	Sparsity:	0.9977807688425846
2022-05-14 13:58:10.777894: I Tuning begun for EGCFv2

2022-05-14 13:58:10.778402: I Hyperparameter tuning exploration:
2022-05-14 13:58:10.778552: I Exploration for l_w. Value extracted: 0.0
2022-05-14 13:58:10.778680: I Exploration for lr. Value extracted: 0.0007155270067836332
2022-05-14 13:58:10.778797: I Exploration for n_layers. Value extracted: 2.0
2022-05-14 13:58:10.779034: I Exploration: Hyperparameter exploration number 1
2022-05-14 13:58:10.779164: I Exploration: Test Fold exploration number 1
2022-05-14 13:58:10.779220: I Exploration: Train-Validation Fold exploration number 1
2022-05-14 14:56:02.896850: I 
2022-05-14 14:56:02.896983: I Validation Evaluation results
2022-05-14 14:56:02.897056: I Cut-off: 10
2022-05-14 14:56:02.897091: I Eval Time: 0.3847236633300781
2022-05-14 14:56:02.897121: I Results
2022-05-14 14:56:02.897149: I Recall	0.2699
2022-05-14 14:56:02.897190: I HR	0.2699
2022-05-14 14:56:02.897234: I nDCG	0.21262
2022-05-14 14:56:02.897269: I Precision	0.02699
2022-05-14 14:56:02.897309: I F1	0.04907
2022-05-14 14:56:02.897332: I MAP	0.06095
2022-05-14 14:56:02.902487: I MAR	0.23769
2022-05-14 14:56:02.920932: I LAUC	0.26986
2022-05-14 14:56:02.931174: I ItemCoverage	1457
2022-05-14 14:56:02.942643: I nDCGRendle2020	0.21262
2022-05-14 14:56:02.958954: I Gini	0.02711
2022-05-14 14:56:02.969243: I SEntropy	7.86684
2022-05-14 14:56:02.979550: I EFD	0.36965
2022-05-14 14:56:02.989818: I EPC	0.04258
2022-05-14 14:56:03.189094: I 
2022-05-14 14:56:03.199480: I Test Evaluation results
2022-05-14 14:56:03.206592: I Cut-off: 10
2022-05-14 14:56:03.206643: I Eval Time: 0.2859947681427002
2022-05-14 14:56:03.206669: I Results
2022-05-14 14:56:03.214226: I Recall	0.18575
2022-05-14 14:56:03.214262: I HR	0.18575
2022-05-14 14:56:03.214302: I nDCG	0.1381
2022-05-14 14:56:03.214326: I Precision	0.01857
2022-05-14 14:56:03.224584: I F1	0.03377
2022-05-14 14:56:03.234826: I MAP	0.0399
2022-05-14 14:56:03.245042: I MAR	0.16278
2022-05-14 14:56:03.255310: I LAUC	0.18572
2022-05-14 14:56:03.266504: I ItemCoverage	1462
2022-05-14 14:56:03.277969: I nDCGRendle2020	0.1381
2022-05-14 14:56:03.289157: I Gini	0.02733
2022-05-14 14:56:03.299421: I SEntropy	7.87157
2022-05-14 14:56:03.309685: I EFD	0.23476
2022-05-14 14:56:03.319943: I EPC	0.02743
2022-05-14 14:56:03.690556: I 
2022-05-14 14:56:03.703158: I Validation Evaluation results
2022-05-14 14:56:03.714865: I Cut-off: 20
2022-05-14 14:56:03.725224: I Eval Time: 0.5002555847167969
2022-05-14 14:56:03.735489: I Results
2022-05-14 14:56:03.746009: I Recall	0.29898
2022-05-14 14:56:03.760175: I HR	0.29898
2022-05-14 14:56:03.770905: I nDCG	0.21996
2022-05-14 14:56:03.781494: I Precision	0.01495
2022-05-14 14:56:03.791758: I F1	0.02847
2022-05-14 14:56:03.802025: I MAP	0.04003
2022-05-14 14:56:03.812248: I MAR	0.26254
2022-05-14 14:56:03.822511: I LAUC	0.29888
2022-05-14 14:56:03.832781: I ItemCoverage	2567
2022-05-14 14:56:03.843019: I nDCGRendle2020	0.21996
2022-05-14 14:56:03.853319: I Gini	0.04484
2022-05-14 14:56:03.866772: I SEntropy	8.54197
2022-05-14 14:56:03.877036: I EFD	0.24972
2022-05-14 14:56:03.887307: I EPC	0.02851
2022-05-14 14:56:04.172465: I 
2022-05-14 14:56:04.182756: I Test Evaluation results
2022-05-14 14:56:04.230654: I Cut-off: 20
2022-05-14 14:56:04.240928: I Eval Time: 0.4807744026184082
2022-05-14 14:56:04.251157: I Results
2022-05-14 14:56:04.261422: I Recall	0.20702
2022-05-14 14:56:04.271691: I HR	0.20702
2022-05-14 14:56:04.281957: I nDCG	0.14335
2022-05-14 14:56:04.292197: I Precision	0.01035
2022-05-14 14:56:04.302471: I F1	0.01972
2022-05-14 14:56:04.312744: I MAP	0.02648
2022-05-14 14:56:04.324223: I MAR	0.17953
2022-05-14 14:56:04.334488: I LAUC	0.20695
2022-05-14 14:56:04.344758: I ItemCoverage	2562
2022-05-14 14:56:04.359567: I nDCGRendle2020	0.14335
2022-05-14 14:56:04.374450: I Gini	0.04474
2022-05-14 14:56:04.384781: I SEntropy	8.535
2022-05-14 14:56:04.395031: I EFD	0.15935
2022-05-14 14:56:04.405384: I EPC	0.01843
2022-05-14 14:56:05.421897: I 
2022-05-14 14:56:05.427095: I Validation Evaluation results
2022-05-14 14:56:05.432268: I Cut-off: 50
2022-05-14 14:56:05.432337: I Eval Time: 1.25335693359375
2022-05-14 14:56:05.432395: I Results
2022-05-14 14:56:05.437558: I Recall	0.34622
2022-05-14 14:56:05.447824: I HR	0.34622
2022-05-14 14:56:05.459646: I nDCG	0.22927
2022-05-14 14:56:05.470895: I Precision	0.00692
2022-05-14 14:56:05.481100: I F1	0.01358
2022-05-14 14:56:05.491389: I MAP	0.02181
2022-05-14 14:56:05.501690: I MAR	0.30006
2022-05-14 14:56:05.511956: I LAUC	0.34591
2022-05-14 14:56:05.522235: I ItemCoverage	4752
2022-05-14 14:56:05.532477: I nDCGRendle2020	0.22927
2022-05-14 14:56:05.542747: I Gini	0.08393
2022-05-14 14:56:05.553030: I SEntropy	9.47427
2022-05-14 14:56:05.563285: I EFD	0.14416
2022-05-14 14:56:05.574869: I EPC	0.01627
2022-05-14 14:56:06.658569: I 
2022-05-14 14:56:06.662864: I Test Evaluation results
2022-05-14 14:56:06.663019: I Cut-off: 50
2022-05-14 14:56:06.663128: I Eval Time: 1.2268753051757812
2022-05-14 14:56:06.663264: I Results
2022-05-14 14:56:06.663395: I Recall	0.24553
2022-05-14 14:56:06.663438: I HR	0.24553
2022-05-14 14:56:06.663555: I nDCG	0.1509
2022-05-14 14:56:06.663654: I Precision	0.00491
2022-05-14 14:56:06.663767: I F1	0.00963
2022-05-14 14:56:06.663902: I MAP	0.01464
2022-05-14 14:56:06.664026: I MAR	0.2084
2022-05-14 14:56:06.664072: I LAUC	0.24528
2022-05-14 14:56:06.664159: I ItemCoverage	4706
2022-05-14 14:56:06.664242: I nDCGRendle2020	0.1509
2022-05-14 14:56:06.664330: I Gini	0.08324
2022-05-14 14:56:06.664446: I SEntropy	9.46362
2022-05-14 14:56:06.664522: I EFD	0.09339
2022-05-14 14:56:06.664600: I EPC	0.01064
2022-05-14 15:51:35.223250: I 
2022-05-14 15:51:35.223348: I Validation Evaluation results
2022-05-14 15:51:35.228509: I Cut-off: 10
2022-05-14 15:51:35.228595: I Eval Time: 0.289630651473999
2022-05-14 15:51:35.228666: I Results
2022-05-14 15:51:35.228722: I Recall	0.29501
2022-05-14 15:51:35.240535: I HR	0.29501
2022-05-14 15:51:35.240573: I nDCG	0.22867
2022-05-14 15:51:35.250842: I Precision	0.0295
2022-05-14 15:51:35.261107: I F1	0.05364
2022-05-14 15:51:35.277002: I MAP	0.0655
2022-05-14 15:51:35.289761: I MAR	0.25831
2022-05-14 15:51:35.299987: I LAUC	0.29496
2022-05-14 15:51:35.310246: I ItemCoverage	2359
2022-05-14 15:51:35.320470: I nDCGRendle2020	0.22867
2022-05-14 15:51:35.333661: I Gini	0.05744
2022-05-14 15:51:35.343940: I SEntropy	8.85382
2022-05-14 15:51:35.354205: I EFD	0.40872
2022-05-14 15:51:35.364473: I EPC	0.04609
2022-05-14 15:51:35.522333: I 
2022-05-14 15:51:35.532629: I Test Evaluation results
2022-05-14 15:51:35.545726: I Cut-off: 10
2022-05-14 15:51:35.556027: I Eval Time: 0.29236793518066406
2022-05-14 15:51:35.566335: I Results
2022-05-14 15:51:35.576613: I Recall	0.19318
2022-05-14 15:51:35.586884: I HR	0.19318
2022-05-14 15:51:35.598738: I nDCG	0.14629
2022-05-14 15:51:35.610867: I Precision	0.01932
2022-05-14 15:51:35.623007: I F1	0.03512
2022-05-14 15:51:35.633283: I MAP	0.04235
2022-05-14 15:51:35.643549: I MAR	0.17045
2022-05-14 15:51:35.653828: I LAUC	0.19315
2022-05-14 15:51:35.664176: I ItemCoverage	2335
2022-05-14 15:51:35.674449: I nDCGRendle2020	0.14629
2022-05-14 15:51:35.684719: I Gini	0.05714
2022-05-14 15:51:35.695011: I SEntropy	8.84737
2022-05-14 15:51:35.708277: I EFD	0.25254
2022-05-14 15:51:35.718547: I EPC	0.02918
2022-05-14 15:51:36.033919: I 
2022-05-14 15:51:36.047103: I Validation Evaluation results
2022-05-14 15:51:36.058998: I Cut-off: 20
2022-05-14 15:51:36.069290: I Eval Time: 0.5101392269134521
2022-05-14 15:51:36.079574: I Results
2022-05-14 15:51:36.089853: I Recall	0.32574
2022-05-14 15:51:36.105004: I HR	0.32574
2022-05-14 15:51:36.117055: I nDCG	0.23641
2022-05-14 15:51:36.128578: I Precision	0.01629
2022-05-14 15:51:36.138874: I F1	0.03102
2022-05-14 15:51:36.149148: I MAP	0.04316
2022-05-14 15:51:36.159428: I MAR	0.28561
2022-05-14 15:51:36.169709: I LAUC	0.32563
2022-05-14 15:51:36.180003: I ItemCoverage	3728
2022-05-14 15:51:36.190301: I nDCGRendle2020	0.23641
2022-05-14 15:51:36.200572: I Gini	0.08686
2022-05-14 15:51:36.211255: I SEntropy	9.47643
2022-05-14 15:51:36.221535: I EFD	0.27573
2022-05-14 15:51:36.231811: I EPC	0.03082
2022-05-14 15:51:36.531528: I 
2022-05-14 15:51:36.541836: I Test Evaluation results
2022-05-14 15:51:36.552169: I Cut-off: 20
2022-05-14 15:51:36.566176: I Eval Time: 0.496401309967041
2022-05-14 15:51:36.578465: I Results
2022-05-14 15:51:36.588760: I Recall	0.21614
2022-05-14 15:51:36.599019: I HR	0.21614
2022-05-14 15:51:36.609281: I nDCG	0.15206
2022-05-14 15:51:36.619561: I Precision	0.01081
2022-05-14 15:51:36.629839: I F1	0.02059
2022-05-14 15:51:36.640170: I MAP	0.02804
2022-05-14 15:51:36.650455: I MAR	0.18853
2022-05-14 15:51:36.660749: I LAUC	0.21607
2022-05-14 15:51:36.671050: I ItemCoverage	3676
2022-05-14 15:51:36.683959: I nDCGRendle2020	0.15206
2022-05-14 15:51:36.694252: I Gini	0.08624
2022-05-14 15:51:36.704528: I SEntropy	9.4706
2022-05-14 15:51:36.714810: I EFD	0.17195
2022-05-14 15:51:36.725619: I EPC	0.01964
2022-05-14 15:51:37.831818: I 
2022-05-14 15:51:37.842115: I Validation Evaluation results
2022-05-14 15:51:37.852385: I Cut-off: 50
2022-05-14 15:51:37.864347: I Eval Time: 1.2991018295288086
2022-05-14 15:51:37.876020: I Results
2022-05-14 15:51:37.886300: I Recall	0.36637
2022-05-14 15:51:37.896596: I HR	0.36637
2022-05-14 15:51:37.906879: I nDCG	0.24445
2022-05-14 15:51:37.917152: I Precision	0.00733
2022-05-14 15:51:37.927438: I F1	0.01437
2022-05-14 15:51:37.937714: I MAP	0.0235
2022-05-14 15:51:37.948014: I MAR	0.32365
2022-05-14 15:51:37.958287: I LAUC	0.36609
2022-05-14 15:51:37.968533: I ItemCoverage	5823
2022-05-14 15:51:37.983424: I nDCGRendle2020	0.24445
2022-05-14 15:51:37.993704: I Gini	0.13926
2022-05-14 15:51:38.003990: I SEntropy	10.24863
2022-05-14 15:51:38.019268: I EFD	0.15747
2022-05-14 15:51:38.034237: I EPC	0.01744
2022-05-14 15:51:39.111412: I 
2022-05-14 15:51:39.115925: I Test Evaluation results
2022-05-14 15:51:39.116102: I Cut-off: 50
2022-05-14 15:51:39.116225: I Eval Time: 1.2742469310760498
2022-05-14 15:51:39.116361: I Results
2022-05-14 15:51:39.116461: I Recall	0.25262
2022-05-14 15:51:39.116505: I HR	0.25262
2022-05-14 15:51:39.116633: I nDCG	0.15928
2022-05-14 15:51:39.116728: I Precision	0.00505
2022-05-14 15:51:39.116827: I F1	0.00991
2022-05-14 15:51:39.116962: I MAP	0.01544
2022-05-14 15:51:39.117099: I MAR	0.21754
2022-05-14 15:51:39.117150: I LAUC	0.25239
2022-05-14 15:51:39.117228: I ItemCoverage	5761
2022-05-14 15:51:39.117291: I nDCGRendle2020	0.15928
2022-05-14 15:51:39.117375: I Gini	0.13829
2022-05-14 15:51:39.117455: I SEntropy	10.23998
2022-05-14 15:51:39.117538: I EFD	0.10008
2022-05-14 15:51:39.117628: I EPC	0.01127
2022-05-18 18:30:57.738611: I Start experiment
2022-05-18 18:30:57.777994: I /home/salvatorebufi/PycharmProjects/ECGFV2/data/amazon_men/trainingset.tsv - Loaded
2022-05-18 18:30:57.876145: I Test Fold 0 - Validation Fold 0
2022-05-18 18:31:03.080676: I Statistics	Users:	3218	Items:	7605	Transactions:	54311	Sparsity:	0.9977807688425846
2022-05-19 10:55:48.311733: I Start experiment
2022-05-19 11:06:13.913771: I Start experiment
2022-05-19 11:06:13.963739: I /home/sciueferrara/PycharmProjects/ECGFV2/data/amazon_men/trainingset.tsv - Loaded
2022-05-19 11:06:14.056773: I Test Fold 0 - Validation Fold 0
2022-05-19 11:06:18.999434: I Statistics	Users:	3218	Items:	7605	Transactions:	54311	Sparsity:	0.9977807688425846
2022-05-19 11:06:23.821096: I Tuning begun for EGCFv2

2022-05-19 11:06:23.828775: I Hyperparameter tuning exploration:
2022-05-19 11:06:23.828916: I Exploration for l_w. Value extracted: 0.0
2022-05-19 11:06:23.829123: I Exploration for lr. Value extracted: 0.0007155270067836332
2022-05-19 11:06:23.835994: I Exploration for n_layers. Value extracted: 2.0
2022-05-19 11:06:23.836590: I Exploration: Hyperparameter exploration number 1
2022-05-19 11:06:23.836899: I Exploration: Test Fold exploration number 1
2022-05-19 11:06:23.837104: I Exploration: Train-Validation Fold exploration number 1
2022-05-19 11:07:42.448045: I Start experiment
2022-05-19 11:07:42.494271: I /home/sciueferrara/PycharmProjects/ECGFV2/data/amazon_men/trainingset.tsv - Loaded
2022-05-19 11:07:42.578533: I Test Fold 0 - Validation Fold 0
2022-05-19 11:07:47.459536: I Statistics	Users:	3218	Items:	7605	Transactions:	54311	Sparsity:	0.9977807688425846
2022-05-19 11:07:51.865334: I Tuning begun for EGCFv2

2022-05-19 11:07:51.877469: I Hyperparameter tuning exploration:
2022-05-19 11:07:51.878154: I Exploration for l_w. Value extracted: 0.0
2022-05-19 11:07:51.878407: I Exploration for lr. Value extracted: 0.0007155270067836332
2022-05-19 11:07:51.878598: I Exploration for n_layers. Value extracted: 2.0
2022-05-19 11:07:51.878802: I Exploration: Hyperparameter exploration number 1
2022-05-19 11:07:51.878906: I Exploration: Test Fold exploration number 1
2022-05-19 11:07:51.879011: I Exploration: Train-Validation Fold exploration number 1
2022-05-19 11:25:55.268551: I Start experiment
2022-05-19 11:25:55.306127: I /home/sciueferrara/PycharmProjects/ECGFV2/data/movielens_toy/train_toy.tsv - Loaded
2022-05-19 11:25:55.315170: I Test Fold 0
2022-05-19 11:25:55.338080: I Statistics	Users:	11	Items:	81	Transactions:	87	Sparsity:	0.9023569023569024
2022-05-19 11:26:58.852700: I Start experiment
2022-05-19 11:26:58.894971: I /home/sciueferrara/PycharmProjects/ECGFV2/data/movielens_toy/train_toy.tsv - Loaded
2022-05-19 11:26:58.904907: I Test Fold 0
2022-05-19 11:26:58.927982: I Statistics	Users:	11	Items:	81	Transactions:	87	Sparsity:	0.9023569023569024
2022-05-19 11:27:41.378559: I Start experiment
2022-05-19 11:27:41.416787: I /home/sciueferrara/PycharmProjects/ECGFV2/data/movielens_toy/train_toy.tsv - Loaded
2022-05-19 11:27:41.425811: I Test Fold 0
2022-05-19 11:27:41.449075: I Statistics	Users:	11	Items:	81	Transactions:	87	Sparsity:	0.9023569023569024
2022-05-19 11:27:45.586572: I Tuning begun for EGCFv2

2022-05-19 11:27:45.596872: I Hyperparameter tuning exploration:
2022-05-19 11:27:45.597191: I Exploration for l_w. Value extracted: 0.0
2022-05-19 11:27:45.597510: I Exploration for lr. Value extracted: 0.0007155270067836332
2022-05-19 11:27:45.597842: I Exploration for n_layers. Value extracted: 2.0
2022-05-19 11:27:45.598509: I Exploration: Hyperparameter exploration number 1
2022-05-19 11:27:45.598618: I Exploration: Test Fold exploration number 1
2022-05-19 11:27:45.598714: I Exploration: Train-Validation Fold exploration number 1
2022-05-19 11:28:36.768634: I Start experiment
2022-05-19 11:28:36.808814: I /home/sciueferrara/PycharmProjects/ECGFV2/data/movielens_toy/train_toy.tsv - Loaded
2022-05-19 11:28:36.817953: I Test Fold 0
2022-05-19 11:28:36.840850: I Statistics	Users:	11	Items:	81	Transactions:	87	Sparsity:	0.9023569023569024
2022-05-19 11:28:41.108476: I Tuning begun for EGCFv2

2022-05-19 11:28:41.118489: I Hyperparameter tuning exploration:
2022-05-19 11:28:41.118975: I Exploration for l_w. Value extracted: 0.0
2022-05-19 11:28:41.119356: I Exploration for lr. Value extracted: 0.0007155270067836332
2022-05-19 11:28:41.119816: I Exploration for n_layers. Value extracted: 2.0
2022-05-19 11:28:41.120401: I Exploration: Hyperparameter exploration number 1
2022-05-19 11:28:41.120547: I Exploration: Test Fold exploration number 1
2022-05-19 11:28:41.120672: I Exploration: Train-Validation Fold exploration number 1
2022-05-19 11:28:58.041508: I Start experiment
2022-05-19 11:28:58.080078: I /home/sciueferrara/PycharmProjects/ECGFV2/data/movielens_toy/train_toy.tsv - Loaded
2022-05-19 11:28:58.089267: I Test Fold 0
2022-05-19 11:28:58.112104: I Statistics	Users:	11	Items:	81	Transactions:	87	Sparsity:	0.9023569023569024
2022-05-19 11:29:02.198571: I Tuning begun for EGCFv2

2022-05-19 11:29:02.203441: I Hyperparameter tuning exploration:
2022-05-19 11:29:02.204566: I Exploration for l_w. Value extracted: 0.0
2022-05-19 11:29:02.204672: I Exploration for lr. Value extracted: 0.0007155270067836332
2022-05-19 11:29:02.204767: I Exploration for n_layers. Value extracted: 2.0
2022-05-19 11:29:02.204855: I Exploration: Hyperparameter exploration number 1
2022-05-19 11:29:02.204947: I Exploration: Test Fold exploration number 1
2022-05-19 11:29:02.205032: I Exploration: Train-Validation Fold exploration number 1
2022-05-19 11:35:55.690117: I Start experiment
2022-05-19 11:35:55.732418: I /home/sciueferrara/PycharmProjects/ECGFV2/data/movielens_toy/train_toy.tsv - Loaded
2022-05-19 11:35:55.743502: I Test Fold 0
2022-05-19 11:35:55.767148: I Statistics	Users:	11	Items:	81	Transactions:	87	Sparsity:	0.9023569023569024
2022-05-19 11:36:00.051713: I Tuning begun for EGCFv2

2022-05-19 11:36:00.060979: I Hyperparameter tuning exploration:
2022-05-19 11:36:00.061222: I Exploration for l_w. Value extracted: 0.0
2022-05-19 11:36:00.061428: I Exploration for lr. Value extracted: 0.0007155270067836332
2022-05-19 11:36:00.061628: I Exploration for n_layers. Value extracted: 2.0
2022-05-19 11:36:00.061886: I Exploration: Hyperparameter exploration number 1
